518 649 1 0 1 0 0 0
769 80 1 4 4 0 0 0
65 397 2 0 0 0 3 0
39 410 2 0 0 6 3 0
434 11 2 0 0 4 2 0
111 832 1 5 5 0 0 0
199 862 1 5 0 0 0 0
836 608 0 0 0 0 0 0
517 424 0 0 0 0 0 0
581 482 0 0 0 0 0 0
422 724 1 8 5 0 0 0
356 40 1 6 4 0 0 0
661 559 1 4 7 0 0 0
360 68 2 0 0 0 4 0
323 182 1 1 6 0 0 0
641 135 0 0 0 0 0 0
556 636 1 4 6 0 0 0
367 661 2 0 0 0 2 0
790 131 0 0 0 0 0 0
264 157 2 0 0 9 2 0
556 666 1 0 6 0 0 0
358 663 2 0 0 1 1 0
540 626 1 3 1 0 0 0
954 886 0 0 0 0 0 0
397 211 2 0 0 9 2 0
342 959 0 0 0 0 0 0
110 125 0 0 0 0 0 0
758 387 0 0 0 0 0 0
733 451 0 0 0 0 0 0
214 784 1 1 0 0 0 0
64 960 1 3 3 0 0 0
651 591 2 0 0 4 3 0
923 75 0 0 0 0 0 0
72 520 1 6 6 0 0 0
120 851 1 8 7 0 0 0
749 275 0 0 0 0 0 0
774 769 2 0 0 6 0 0
823 611 1 1 7 0 0 0
492 463 1 2 0 0 0 0
610 123 1 4 3 0 0 0
624 279 0 0 0 0 0 0
437 44 0 0 0 0 0 0
248 167 2 0 0 5 1 0
61 944 1 8 1 0 0 0
630 527 2 0 0 2 3 0
912 299 2 0 0 8 1 0
444 318 0 0 0 0 0 0
177 93 2 0 0 6 0 0
552 177 1 1 8 0 0 0
904 134 2 0 0 0 4 0
354 924 0 0 0 0 0 0
273 707 1 4 2 0 0 0
413 497 1 8 1 0 0 0
154 686 0 0 0 0 0 0
283 756 1 7 7 0 0 0
184 405 0 0 0 0 0 0
847 446 0 0 0 0 0 0
862 709 1 7 0 0 0 0
481 472 2 0 0 2 3 0
617 169 0 0 0 0 0 0
396 997 0 0 0 0 0 0
64 355 1 2 4 0 0 0
828 58 2 0 0 5 4 0
463 2 0 0 0 0 0 0
783 556 0 0 0 0 0 0
321 302 1 5 5 0 0 0
205 13 1 0 1 0 0 0
815 248 2 0 0 0 0 0
414 525 2 0 0 7 3 0
417 216 1 0 1 0 0 0
471 227 1 2 8 0 0 0
30 751 0 0 0 0 0 0
593 178 1 8 8 0 0 0
473 746 1 9 7 0 0 0
735 134 1 7 9 0 0 0
663 88 2 0 0 0 0 0
990 290 2 0 0 0 3 0
423 505 1 5 9 0 0 0
241 298 2 0 0 6 3 0
386 889 0 0 0 0 0 0
318 596 1 6 1 0 0 0
161 317 1 1 9 0 0 0
836 875 2 0 0 2 1 0
402 338 1 5 0 0 0 0
55 641 2 0 0 3 0 0
610 461 0 0 0 0 0 0
339 747 2 0 0 2 4 0
31 668 0 0 0 0 0 0
180 758 1 5 3 0 0 0
410 104 1 7 5 0 0 0
195 3 2 0 0 6 4 0
686 3 2 0 0 2 2 0
129 749 1 1 5 0 0 0
731 486 2 0 0 1 3 0
469 645 2 0 0 7 2 0
718 907 1 5 6 0 0 0
849 704 2 0 0 2 0 0
305 60 2 0 0 4 0 0
19 863 1 4 0 0 0 0
419 976 0 0 0 0 0 0
89 349 0 0 0 0 0 0
412 863 0 0 0 0 0 0
641 363 1 7 2 0 0 0
765 473 2 0 0 8 2 0
904 924 1 4 8 0 0 0
402 167 2 0 0 7 3 0
598 93 0 0 0 0 0 0
606 692 2 0 0 6 1 0
463 729 1 2 9 0 0 0
228 813 1 4 6 0 0 0
560 140 0 0 0 0 0 0
530 234 0 0 0 0 0 0
877 61 0 0 0 0 0 0
355 288 2 0 0 5 3 0
315 854 0 0 0 0 0 0
834 226 2 0 0 7 2 0
707 967 0 0 0 0 0 0
73 53 1 6 9 0 0 0
248 824 2 0 0 4 1 0
206 749 2 0 0 9 1 0
105 606 2 0 0 8 3 0
470 215 0 0 0 0 0 0
26 993 1 1 2 0 0 0
846 658 2 0 0 3 3 0
94 383 1 3 2 0 0 0
965 349 2 0 0 8 4 0
538 419 2 0 0 3 3 0
361 281 1 9 4 0 0 0
71 956 2 0 0 9 1 0
568 463 1 8 4 0 0 0
705 367 2 0 0 8 3 0
451 625 2 0 0 6 1 0
44 806 1 2 2 0 0 0
788 449 0 0 0 0 0 0
949 337 1 7 5 0 0 0
553 671 0 0 0 0 0 0
520 347 1 0 1 0 0 0
683 86 0 0 0 0 0 0
785 252 2 0 0 3 1 0
947 467 1 0 9 0 0 0
631 365 0 0 0 0 0 0
2 599 1 1 1 0 0 0
619 409 2 0 0 6 0 0
96 374 2 0 0 3 4 0
818 22 0 0 0 0 0 0
592 951 0 0 0 0 0 0
142 973 1 6 2 0 0 0
269 456 2 0 0 7 0 0
136 937 0 0 0 0 0 0
454 514 1 4 5 0 0 0
453 590 2 0 0 6 2 0
574 215 2 0 0 4 1 0
322 816 0 0 0 0 0 0
155 699 0 0 0 0 0 0
920 721 2 0 0 5 0 0
851 491 0 0 0 0 0 0
185 321 1 0 7 0 0 0
383 907 2 0 0 7 2 0
629 502 2 0 0 6 0 0
672 493 0 0 0 0 0 0
557 509 2 0 0 0 1 0
174 604 1 6 3 0 0 0
774 728 1 6 1 0 0 0
799 137 0 0 0 0 0 0
953 351 0 0 0 0 0 0
645 587 2 0 0 3 1 0
199 624 2 0 0 7 4 0
44 448 1 6 6 0 0 0
857 575 1 5 6 0 0 0
262 81 1 4 5 0 0 0
779 231 0 0 0 0 0 0
323 671 2 0 0 3 3 0
184 94 0 0 0 0 0 0
208 774 0 0 0 0 0 0
16 885 1 1 4 0 0 0
256 469 0 0 0 0 0 0
205 728 2 0 0 9 4 0
601 219 1 0 0 0 0 0
993 857 0 0 0 0 0 0
266 399 2 0 0 6 2 0
784 846 2 0 0 7 2 0
254 255 1 7 5 0 0 0
637 187 0 0 0 0 0 0
450 544 2 0 0 2 1 0
968 208 0 0 0 0 0 0
185 486 0 0 0 0 0 0
888 540 0 0 0 0 0 0
614 983 1 2 1 0 0 0
76 426 0 0 0 0 0 0
315 796 1 0 6 0 0 0
900 920 2 0 0 7 1 0
336 724 1 8 2 0 0 0
987 49 2 0 0 2 3 0
279 457 1 0 2 0 0 0
909 943 1 8 8 0 0 0
324 432 1 3 7 0 0 0
845 987 2 0 0 2 3 0
814 549 0 0 0 0 0 0
509 32 2 0 0 4 1 0
512 45 0 0 0 0 0 0
